Part A1:
Let A:
   0.7868   0.4049   0.2742
   0.2505   0.2513   0.5610
   0.7107   0.0227   0.1400
   0.9467   0.5206   0.5439
   0.0193   0.3447   0.5219

using qr_gs_decomp, we get R:
   1.4434   0.6216   0.6794
        0   0.4808   0.6155
        0        0   0.3704

and Q:
   0.5451   0.1374  -0.4880
   0.1735   0.2984   0.7004
   0.4924  -0.5893   0.4543
   0.6559   0.2350  -0.1253
   0.0134   0.6997   0.2218

with Q^(T)*Q:
   1.0000e+00  -3.6082e-16   2.9837e-16
  -3.6082e-16   1.0000e+00   2.4980e-16
   2.9837e-16   2.4980e-16   1.0000e+00

and Q*R:
   0.7868   0.4049   0.2742
   0.2505   0.2513   0.5610
   0.7107   0.0227   0.1400
   0.9467   0.5206   0.5439
   0.0193   0.3447   0.5219

Part A2:
Let A:
   0.8571   0.7443   0.3201
   0.4998   0.2492   0.9105
   0.4194   0.2393   0.1648

and let b:
   0.2455
   0.1983
   0.7159

Factorising A into Q*R as before,
qr_gs_solve is used to find x for Q*R*x=b to:
   4.9286
  -4.8462
  -1.1613

with A*x:
   0.2455
   0.1983
   0.7159

Part B:
Using the same matrix A, qr_gs_inverse is used to find B:
  -2.3205  -0.6051   7.8480
   3.9305   0.0925  -8.1432
   0.1981   1.4051  -2.0793

with A*B:
   1.0000e+00  -4.9960e-16   4.4409e-16
  -5.2736e-16   1.0000e+00   6.6613e-16
   1.4225e-15   7.2164e-16   1.0000e+00

Part C:
Let A:
   0.9678   0.4599   0.5839
   0.7694   0.2573   0.9503
   0.0807   0.7770   0.4381

and let b:
   0.3223
   0.5324
   0.2564

using qr_givens_decomp we get the rotation angles,
and by qr_givens_getR we get R:
   1.2390   0.5696   1.0747
        0   0.7464   0.3232
        0        0  -0.4200

and by qr_givens_getQ we get Q:
   0.7811   0.0201   0.6241
   0.6210  -0.1293  -0.7731
   0.0651   0.9914  -0.1134

with Q^(T)*Q:
   1.0000e+00   1.3878e-17  -5.5511e-17
   1.3878e-17   1.0000e+00  -1.3878e-17
  -5.5511e-17  -1.3878e-17   1.0000e+00

and Q*R:
   0.9678   0.4599   0.5839
   0.7694   0.2573   0.9503
   0.0807   0.7770   0.4381

qr_givens_solve is used to find x for Q*R*x=b to:
  -0.0158
   0.0100
   0.5704

with A*x:
   0.3223
   0.5324
   0.2564

qr_givens_inverse is used to find B:
   1.6111  -0.6494  -0.7386
   0.6705  -0.9704   1.2114
  -1.4860   1.8408   0.2701

with A*B:
   1.0000e+00            0   1.6653e-16
            0   1.0000e+00            0
   2.2204e-16  -1.1102e-16   1.0000e+00

