gamma(5)=24
j1(0.5)=0.242268
sqrt(-2)=0+1.41421i
exp(i)=0.540302+0.841471i
exp(i*pi)=-1+1.22465e-16i
i^e=-0.42822+-0.903675i
float:       0.1111111119389533996582031
double:      0.1111111111111111049432054
long double: 0.1111111111111111111096053
