Let A be a symmetric matrix:
   0.7868   0.4049   0.2742   0.8571   0.2393
   0.4049   0.2513   0.5610   0.4998   0.3201
   0.2742   0.5610   0.1400   0.4194   0.9105
   0.8571   0.4998   0.4194   0.7443   0.1648
   0.2393   0.3201   0.9105   0.1648   0.2455

Using jacobi_cyclic, V is found to be:
   0.0779  -0.2991   0.6420   0.4680   0.5228
  -0.1931  -0.7185  -0.5212  -0.1487   0.3909
   0.7550   0.1228  -0.0016  -0.4994   0.4068
  -0.1224   0.5727  -0.4510   0.3991   0.5426
  -0.6096   0.2265   0.3358  -0.5918   0.3378

The eigenvalues are found to:
  -0.7783
  -0.1753
  -0.0195
   0.7939
   2.3471

As expected, we find Vt*A*V=D:
  -7.7829e-01   1.7265e-13  -5.5511e-17  -5.5511e-17  -6.4471e-09
   1.7270e-13  -1.7527e-01   6.5919e-17   3.6819e-11   1.6789e-12
   2.0817e-17   7.6762e-17  -1.9484e-02  -9.1210e-12  -8.8334e-14
  -1.6653e-16   3.6819e-11  -9.1210e-12   7.9392e-01  -1.0270e-15
  -6.4471e-09   1.6787e-12  -8.8207e-14  -1.0547e-15   2.3471e+00
with eigenvalues on the diagonal.

For jacobi_vbv for all five values, we find Vt*A*V=D:
  -7.7829e-01  -4.7898e-09  -1.9152e-09  -3.4810e-09   7.1826e-10
  -4.7898e-09  -1.7527e-01  -3.2333e-09   1.8582e-11  -4.0290e-09
  -1.9152e-09  -3.2333e-09  -1.9484e-02  -2.2809e-10  -5.4826e-10
  -3.4810e-09   1.8582e-11  -2.2809e-10   7.9392e-01  -3.3307e-16
   7.1826e-10  -4.0290e-09  -5.4826e-10  -5.5511e-16   2.3471e+00

And for jacobi_classic, we find Vt*A*V=D:
  -7.7829e-01  -1.5421e-13  -5.5511e-17  -1.6653e-16   1.8576e-09
  -1.5411e-13  -1.7527e-01  -5.0307e-17  -6.7861e-11  -1.2100e-13
   3.3827e-17   1.3010e-18  -1.9484e-02  -6.5517e-12   3.0837e-12
  -1.6653e-16  -6.7861e-11  -6.5517e-12   7.9392e-01  -8.3267e-17
   1.8576e-09  -1.2099e-13   3.0839e-12  -5.5511e-17   2.3471e+00

